 -0.02109062
  -0.0215875
 -0.02097187
  -0.0196875
 -0.01878125
 -0.01901875
 -0.02038437
 -0.02190625
 -0.02223437
 -0.02086562
 -0.01893437
 -0.01831875
     -0.0196
   -0.021525
 -0.02253125
 -0.02210625
 -0.02063437
    -0.01905
 -0.01855312
 -0.01975625
 -0.02182812
 -0.02307812
 -0.02250937
 -0.02060312
 -0.01870312
  -0.0181875
 -0.01957187
 -0.02189375
    -0.02325
 -0.02242812
 -0.02016875
 -0.01844375
 -0.01863125
   -0.020375
 -0.02222812
 -0.02297187
 -0.02216875
 -0.02031875
 -0.01869062
  -0.0185875
 -0.02012812
    -0.02205
  -0.0229125
 -0.02229687
 -0.02074062
 -0.01928437
 -0.01880312
 -0.01960312
 -0.02115937
     -0.0224
 -0.02239375
 -0.02114062
 -0.01963437
 -0.01900625
 -0.01962187
 -0.02090937
 -0.02194062
  -0.0220125
 -0.02104687
 -0.01969375
 -0.01894062
 -0.01935937
 -0.02068125
  -0.0219625
 -0.02224375
 -0.02125937
 -0.01969375
 -0.01884375
 -0.01950625
 -0.02123125
 -0.02264375
 -0.02269062
 -0.02137187
 -0.01960625
 -0.01864062
 -0.01928437
 -0.02119062
     -0.0228
 -0.02258437
    -0.02055
 -0.01839687
 -0.01804062
 -0.01980312
 -0.02212187
 -0.02294062
 -0.02152187
 -0.01899062
  -0.0173875
 -0.01798437
  -0.0203125
     -0.0225
 -0.02269375
  -0.0206375
 -0.01801562
 -0.01708125
 -0.01862187
 -0.02129375
 -0.02283125
 -0.02195625
 -0.01933437
 -0.01704375
 -0.01708437
   -0.019575
 -0.02235312
 -0.02291562
     -0.0208
  -0.0179375
 -0.01669062
 -0.01788437
   -0.020525
 -0.02259062
 -0.02233125
 -0.01975312
 -0.01699375
 -0.01651875
 -0.01865937
 -0.02140312
 -0.02242812
 -0.02108125
     -0.0186
 -0.01694375
 -0.01733437
  -0.0193125
 -0.02118437
 -0.02130625
 -0.01948125
 -0.01723437
 -0.01664375
 -0.01827187
 -0.02064375
   -0.021725
 -0.02073125
 -0.01858125
 -0.01696875
 -0.01711875
  -0.0188375
   -0.020625
 -0.02091562
 -0.01950625
   -0.017625
 -0.01683437
 -0.01772187
 -0.01941562
 -0.02054687
  -0.0203125
 -0.01893125
  -0.0173625
 -0.01676875
 -0.01764687
 -0.01924062
 -0.02009375
 -0.01944062
 -0.01785312
  -0.0165125
 -0.01631562
 -0.01726875
 -0.01850312
 -0.01899375
  -0.0185375
 -0.01765937
   -0.016875
 -0.01649687
 -0.01680937
 -0.01774375
 -0.01856875
 -0.01851562
 -0.01753125
 -0.01624062
 -0.01532187
  -0.0151375
 -0.01573437
 -0.01672187
 -0.01739375
 -0.01695312
  -0.0153625
 -0.01346875
 -0.01250937
 -0.01321875
 -0.01507812
 -0.01639062
 -0.01555937
   -0.012675
-0.009512497
-0.008062497
-0.009003122
 -0.01144687
 -0.01349375
  -0.0131125
-0.009571872
-0.004409372
-0.0008531215
-0.001453122
-0.005534372
-0.009262497
-0.008743747
-0.003287497
 0.004037504
 0.008750004
 0.007990629
 0.002578129
-0.002999997
-0.003181247
 0.004168754
  0.01552188
  0.02385313
  0.02378125
  0.01575938
 0.006503129
 0.004631254
   0.0140875
   0.0301625
  0.04226876
  0.04208438
  0.03050313
  0.01774688
  0.01593125
  0.02936563
  0.05049688
  0.06492813
  0.06236251
  0.04535626
  0.02859063
  0.02763125
  0.04615626
  0.07206251
  0.08647188
  0.07875001
  0.05559063
  0.03654688
  0.03881251
  0.06317501
  0.09289063
   0.1065531
  0.09442188
  0.06659063
  0.04591251
  0.05024063
  0.07740938
   0.1063688
   0.1140781
  0.09445313
  0.06358751
  0.04710313
  0.05919688
  0.09034063
   0.1149844
   0.1129563
  0.08591251
  0.05577813
  0.04648438
  0.06448751
  0.09418438
   0.1110594
    0.101325
  0.07264688
  0.04777501
  0.04586563
  0.06680938
  0.09147813
  0.09823438
  0.08091563
  0.05336876
  0.03741876
  0.04461251
  0.06704376
  0.08484063
  0.08284376
  0.06222188
  0.03936876
  0.03218126
  0.04494688
  0.06482501
  0.07354063
  0.06311251
  0.04203438
  0.02729063
  0.02979688
  0.04550313
  0.05936251
  0.05874688
  0.04386251
      0.0267
   0.0203625
   0.0281875
  0.04145626
  0.04740626
  0.04021876
  0.02541875
  0.01464063
  0.01565313
      0.0258
  0.03456251
  0.03314063
  0.02220625
  0.01067813
 0.007146879
  0.01254375
    0.020075
  0.02180313
  0.01541875
 0.005721879
-9.999651e-005
 0.001196879
 0.006609379
 0.009956254
 0.007540629
 0.001028129
-0.004656247
-0.006149997
-0.004134372
-0.002015622
-0.002543747
-0.005671872
-0.009112497
 -0.01062187
-0.009999997
-0.008868747
-0.008812497
 -0.01001875
 -0.01163437
 -0.01283125
 -0.01339375
 -0.01352812
 -0.01347187
 -0.01342187
  -0.0135375
    -0.01395
 -0.01455625
 -0.01505625
 -0.01519062
 -0.01496875
   -0.014575
 -0.01435312
 -0.01455625
 -0.01510312
 -0.01565937
 -0.01579687
 -0.01535625
 -0.01454375
 -0.01404375
    -0.01445
 -0.01561875
 -0.01660625
 -0.01653437
 -0.01546562
 -0.01433437
 -0.01420312
 -0.01540937
 -0.01726562
 -0.01834375
 -0.01780625
 -0.01626562
 -0.01533437
 -0.01599375
 -0.01768125
 -0.01899062
 -0.01895625
    -0.01775
 -0.01650312
 -0.01650312
 -0.01799687
 -0.01984687
 -0.02054062
 -0.01967187
   -0.018275
  -0.0176375
   -0.018175
 -0.01932812
 -0.02024687
    -0.02035
 -0.01972812
 -0.01892187
 -0.01861562
 -0.01910937
 -0.02008125
 -0.02069687
 -0.02035312
 -0.01936562
  -0.0187375
     -0.0191
 -0.02008125
 -0.02074687
 -0.02055312
 -0.01971562
 -0.01895625
 -0.01891562
  -0.0196875
 -0.02057187
 -0.02068125
    -0.01995
 -0.01919062
 -0.01907187
  -0.0195625
 -0.02027187
 -0.02081875
 -0.02079375
 -0.02004375
 -0.01911562
   -0.018875
 -0.01962812
 -0.02073125
 -0.02129062
 -0.02080312
 -0.01956562
 -0.01845625
 -0.01848125
 -0.01980937
 -0.02143437
 -0.02200625
 -0.02103125
 -0.01936875
 -0.01842187
 -0.01894687
 -0.02055625
 -0.02204687
 -0.02224687
  -0.0208875
 -0.01889375
 -0.01781562
 -0.01858125
 -0.02058125
 -0.02232812
  -0.0226125
 -0.02125937
 -0.01923125
   -0.018025
 -0.01860312
  -0.0205375
 -0.02230937
 -0.02259062
 -0.02132812
 -0.01954062
 -0.01857812
 -0.01919062
  -0.0210125
 -0.02258125
 -0.02255625
 -0.02099062
 -0.01919062
 -0.01846562
 -0.01909375
 -0.02055625
 -0.02195625
 -0.02249062
 -0.02177187
 -0.02019062
 -0.01889062
 -0.01901875
 -0.02067187
 -0.02252187
 -0.02300937
   -0.021875
 -0.02030312
 -0.01950625
 -0.01982187
 -0.02090312
    -0.02205
 -0.02248437
   -0.021825
 -0.02044062
    -0.01925
  -0.0191625
 -0.02034687
 -0.02199687
 -0.02286562
 -0.02225312
   -0.020525
 -0.01894687
   -0.018775
 -0.02019375
 -0.02204375
 -0.02275312
  -0.0217625
 -0.01979687
   -0.018375
 -0.01860625
     -0.0203
 -0.02207187
 -0.02252187
 -0.02132187
 -0.01936562
 -0.01818437
 -0.01885312
 -0.02090625
 -0.02247812
 -0.02205625
 -0.01989062
 -0.01781562
 -0.01758437
 -0.01948437
  -0.0221125
  -0.0233875
 -0.02218437
 -0.01938437
 -0.01731562
   -0.017775
 -0.02034062
  -0.0226875
     -0.0227
 -0.02025625
